1, 72.275
2, 71.908
3, 73.500
4, 76.575
5, 77.967
6, 79.850
7, 81.017
8, 82.017
9, 82.950
10, 84.133
11, 85.300
12, 86.742
13, 87.533
14, 87.708
15, 87.825
16, 88.492
17, 88.675
18, 88.642
19, 89.242
20, 89.083
21, 89.200
22, 89.333
23, 89.167
24, 89.667
25, 89.692
26, 90.108
27, 89.817
28, 89.975
29, 90.325
30, 90.283
31, 90.433
32, 90.550
33, 90.550
34, 90.500
35, 91.117
36, 91.000
37, 91.017
38, 91.275
39, 90.683
40, 91.150
41, 91.242
42, 91.225
43, 91.442
44, 91.833
45, 91.658
46, 91.700
47, 91.683
48, 92.017
49, 91.550
50, 92.350
51, 91.800
52, 92.075
53, 92.175
54, 92.133
55, 92.467
56, 92.250
57, 92.533
58, 92.292
59, 92.250
60, 92.583
61, 92.825
62, 92.717
63, 92.467
64, 92.692
65, 92.742
66, 92.875
67, 92.817
68, 93.117
69, 93.058
70, 92.817
71, 93.100
72, 92.792
73, 93.092
74, 92.958
75, 93.317
76, 93.333
77, 93.367
78, 93.017
79, 93.092
80, 93.342
81, 93.117
82, 93.150
83, 93.192
84, 93.358
85, 93.458
86, 93.483
87, 93.475
88, 93.667
89, 93.475
90, 93.733
91, 93.683
92, 93.342
93, 93.433
94, 93.483
95, 93.608
96, 93.633
97, 93.625
98, 93.400
99, 93.733
100, 93.692
101, 93.717
102, 93.775
103, 93.792
104, 93.783
105, 93.708
106, 93.633
107, 94.108
108, 93.950
109, 93.992
110, 93.908
111, 94.175
112, 93.742
113, 93.958
114, 93.850
115, 93.858
116, 93.742
117, 93.942
118, 94.000
119, 94.083
120, 94.050
121, 94.183
122, 94.242
123, 94.142
124, 93.958
125, 94.258
126, 94.333
127, 93.983
128, 94.050
129, 94.192
130, 94.183
131, 94.175
132, 94.025
133, 94.158
134, 94.042
135, 94.233
136, 94.275
137, 94.192
138, 94.292
139, 94.408
140, 94.208
141, 94.242
142, 94.592
143, 94.433
144, 94.250
145, 94.267
146, 94.358
147, 94.358
148, 94.333
149, 94.358
150, 94.333
151, 94.517
152, 94.308
153, 94.425
154, 94.408
155, 94.375
156, 94.442
157, 94.442
158, 94.600
159, 94.558
160, 94.592
161, 94.583
162, 94.467
163, 94.400
164, 94.525
165, 94.617
166, 94.458
167, 94.667
168, 94.650
169, 94.542
170, 94.600
171, 94.425
172, 94.425
173, 94.467
174, 94.767
175, 94.650
176, 94.483
177, 94.542
178, 94.450
179, 94.808
180, 94.783
181, 94.842
182, 94.483
183, 94.367
184, 94.692
185, 94.683
186, 94.833
187, 94.683
188, 94.475
189, 94.725
190, 94.600
191, 94.633
192, 94.783
193, 94.650
194, 94.658
195, 94.750
196, 94.833
197, 94.883
198, 94.575
199, 94.658
200, 94.875
201, 94.733
202, 94.758
203, 94.792
204, 94.883
205, 95.175
206, 94.850
207, 95.067
208, 94.942
209, 94.867
210, 94.617
211, 94.825
212, 94.708
213, 94.975
214, 95.083
215, 94.792
216, 95.008
217, 95.008
218, 94.908
219, 95.042
220, 95.042
221, 94.842
222, 94.875
223, 94.958
224, 94.992
225, 94.858
226, 95.050
227, 95.075
228, 95.225
229, 95.108
230, 95.167
231, 95.150
232, 94.683
233, 95.075
234, 95.000
235, 95.125
236, 95.050
237, 95.092
238, 95.075
239, 95.083
240, 95.383
241, 95.200
242, 95.083
243, 95.033
244, 94.900
245, 94.900
246, 95.100
247, 94.958
248, 95.042
249, 95.133
250, 95.200
251, 95.008
252, 95.317
253, 95.175
254, 95.133
255, 95.100
256, 95.192
257, 95.392
258, 95.133
259, 95.267
260, 95.242
261, 95.383
262, 95.317
263, 95.133
264, 94.983
265, 95.267
266, 95.308
267, 95.083
268, 95.333
269, 95.342
270, 95.050
271, 95.350
272, 95.167
273, 95.325
274, 95.208
275, 95.150
276, 95.617
277, 95.242
278, 95.400
279, 95.350
280, 95.300
281, 95.300
282, 95.525
283, 95.375
284, 95.133
285, 95.525
286, 95.300
287, 95.300
288, 95.275
289, 95.575
290, 95.350
291, 95.633
292, 95.317
293, 95.433
294, 95.442
295, 95.408
296, 95.275
297, 95.175
298, 95.492
299, 95.375
300, 95.442
301, 95.433
302, 95.500
303, 95.408
304, 95.475
305, 95.508
306, 95.392
307, 95.542
308, 95.708
309, 95.642
310, 95.500
311, 95.433
312, 95.533
313, 95.667
314, 95.442
315, 95.667
316, 95.558
317, 95.558
318, 95.767
319, 95.550
320, 95.542
321, 95.325
322, 95.658
323, 95.550
324, 95.725
325, 95.525
326, 95.500
327, 95.550
328, 95.550
329, 95.517
330, 95.775
331, 95.517
332, 95.558
333, 95.625
334, 95.383
335, 95.808
336, 95.508
337, 95.800
338, 95.667
339, 95.433
340, 95.758
341, 95.775
342, 95.625
343, 95.692
344, 95.642
345, 95.833
346, 95.417
347, 95.867
348, 95.767
349, 95.742
350, 95.758
351, 95.883
352, 95.900
353, 95.725
354, 95.742
355, 95.500
356, 95.683
357, 95.725
358, 95.858
359, 95.708
360, 95.658
361, 95.783
362, 95.867
363, 95.642
364, 95.808
365, 95.800
366, 95.533
367, 95.733
368, 96.050
369, 95.542
370, 95.650
371, 95.917
372, 95.783
373, 95.958
374, 95.808
375, 95.983
376, 95.658
377, 95.783
378, 95.858
379, 95.750
380, 95.733
381, 95.725
382, 95.833
383, 95.842
384, 95.900
385, 95.875
386, 95.817
387, 96.075
388, 95.708
389, 95.775
390, 95.825
391, 95.792
392, 95.742
393, 95.825
394, 95.800
395, 96.042
396, 95.950
397, 95.925
398, 95.792
399, 95.950
400, 95.950
401, 96.000
402, 95.983
403, 95.942
404, 96.008
405, 95.767
406, 96.025
407, 95.842
408, 95.858
409, 95.842
410, 96.000
411, 96.117
412, 95.767
413, 95.967
414, 96.033
415, 96.092
416, 95.950
417, 95.850
418, 95.992
419, 95.875
420, 95.675
421, 95.900
422, 95.792
423, 95.958
424, 96.083
425, 96.083
426, 95.708
427, 95.942
428, 95.867
429, 95.700
430, 95.875
431, 95.950
432, 95.842
433, 95.975
434, 96.175
435, 95.983
436, 95.933
437, 96.025
438, 95.967
439, 95.992
440, 96.008
441, 96.142
442, 95.783
443, 95.925
444, 96.033
445, 96.158
446, 95.958
447, 96.200
448, 96.192
449, 95.933
450, 96.017
451, 95.892
452, 96.258
453, 96.183
454, 96.108
455, 95.983
456, 96.067
457, 95.842
458, 96.192
459, 96.067
460, 95.983
461, 95.892
462, 96.067
463, 96.133
464, 95.825
465, 95.942
466, 96.050
467, 96.150
468, 96.158
469, 96.150
470, 96.058
471, 96.108
472, 95.975
473, 96.317
474, 95.975
475, 96.133
476, 96.150
477, 96.108
478, 96.067
479, 96.100
480, 96.083
481, 96.008
482, 96.142
483, 96.450
484, 96.233
485, 96.317
486, 96.175
487, 96.183
488, 96.233
489, 96.367
490, 96.392
491, 96.267
492, 96.400
493, 96.317
494, 96.225
495, 96.083
496, 96.217
497, 95.925
498, 96.342
499, 96.475
500, 96.217
501, 96.625
502, 96.333
503, 96.225
504, 96.392
505, 96.500
506, 96.417
507, 96.558
508, 96.333
509, 96.567
510, 96.358
511, 96.583
512, 96.225
513, 96.483
514, 96.467
515, 96.408
516, 96.408
517, 96.408
518, 96.408
519, 96.325
520, 96.425
521, 96.458
522, 96.567
523, 96.242
524, 96.458
525, 96.533
526, 96.475
527, 96.442
528, 96.483
529, 96.525
530, 96.633
531, 96.533
532, 96.592
533, 96.708
534, 96.683
535, 96.667
536, 96.733
537, 96.542
538, 96.667
539, 96.758
540, 96.592
541, 96.508
542, 96.683
543, 96.608
544, 96.558
545, 96.500
546, 96.525
547, 96.700
548, 96.208
549, 96.675
550, 96.725
551, 96.950
552, 96.750
553, 96.683
554, 96.733
555, 96.658
556, 96.767
557, 96.783
558, 96.675
559, 96.750
560, 96.742
561, 96.633
562, 96.800
563, 96.892
564, 96.825
565, 96.933
566, 96.667
567, 96.692
568, 96.833
569, 96.533
570, 97.067
571, 96.625
572, 96.525
573, 96.550
574, 96.625
575, 96.617
576, 96.825
577, 96.808
578, 96.950
579, 96.900
580, 96.850
581, 96.883
582, 96.875
583, 96.892
584, 96.617
585, 96.567
586, 97.050
587, 96.992
588, 96.525
589, 96.717
590, 96.958
591, 96.950
592, 96.908
593, 96.850
594, 96.708
595, 96.700
596, 96.733
597, 96.617
598, 96.958
599, 96.933
600, 96.917
601, 96.850
602, 96.858
603, 96.775
604, 96.992
605, 96.825
606, 96.817
607, 97.008
608, 96.867
609, 96.925
610, 96.958
611, 96.833
612, 96.892
613, 96.933
614, 96.983
615, 96.575
616, 97.150
617, 97.058
618, 96.958
619, 97.025
620, 96.883
621, 97.025
622, 96.992
623, 97.200
624, 97.158
625, 96.858
626, 96.975
627, 96.950
628, 97.067
629, 97.000
630, 96.992
631, 97.192
632, 96.925
633, 97.117
634, 97.175
635, 97.067
636, 96.892
637, 96.817
638, 96.767
639, 96.950
640, 96.925
641, 97.117
642, 97.142
643, 97.183
644, 96.933
645, 96.925
646, 97.092
647, 97.175
648, 97.075
649, 97.050
650, 97.158
651, 97.067
652, 97.017
653, 97.092
654, 97.100
655, 97.150
656, 97.158
657, 97.008
658, 97.092
659, 97.142
660, 97.008
661, 97.108
662, 97.133
663, 97.008
664, 97.275
665, 97.050
666, 97.092
667, 96.967
668, 97.392
669, 97.150
670, 97.025
671, 96.850
672, 97.233
673, 97.208
674, 97.333
675, 97.242
676, 97.333
677, 97.067
678, 97.283
679, 97.167
680, 97.233
681, 97.208
682, 97.058
683, 97.033
684, 97.000
685, 97.208
686, 97.225
687, 96.983
688, 97.175
689, 96.942
690, 97.283
691, 97.083
692, 97.083
693, 97.200
694, 97.533
695, 97.250
696, 97.133
697, 97.067
698, 97.175
699, 97.392
700, 97.408
701, 97.200
702, 97.200
703, 97.408
704, 97.150
705, 97.150
706, 97.375
707, 97.283
708, 97.367
709, 97.200
710, 97.375
711, 96.992
712, 97.158
713, 97.158
714, 97.225
715, 97.183
716, 97.317
717, 97.117
718, 97.250
719, 97.408
720, 97.208
721, 97.300
722, 97.325
723, 97.333
724, 97.292
725, 97.317
726, 97.350
727, 97.533
728, 97.308
729, 97.275
730, 97.250
731, 97.075
732, 97.225
733, 97.217
734, 97.300
735, 97.258
736, 97.183
737, 97.183
738, 97.292
739, 97.400
740, 97.200
741, 97.450
742, 97.392
743, 97.200
744, 97.142
745, 97.292
746, 97.167
747, 97.508
748, 97.308
749, 97.342
750, 97.467
751, 97.542
752, 97.392
753, 97.250
754, 97.417
755, 97.350
756, 97.425
757, 97.408
758, 97.217
759, 97.333
760, 97.258
761, 97.417
762, 97.383
763, 97.467
764, 97.325
765, 97.433
766, 97.317
767, 97.367
768, 97.467
769, 97.317
770, 97.383
771, 97.442
772, 97.333
773, 97.292
774, 97.433
775, 97.367
776, 97.300
777, 97.500
778, 97.367
779, 97.375
780, 97.292
781, 97.625
782, 97.625
783, 97.483
784, 97.500
785, 97.142
786, 97.450
787, 97.367
788, 97.467
789, 97.508
790, 97.358
791, 97.367
792, 97.483
793, 97.592
794, 97.483
795, 97.325
796, 97.375
797, 97.517
798, 97.267
799, 97.625
800, 97.142
801, 97.275
802, 97.442
803, 97.458
804, 97.292
805, 97.483
806, 97.483
807, 97.308
808, 97.458
809, 97.542
810, 97.375
811, 97.625
812, 97.500
813, 97.475
814, 97.533
815, 97.292
816, 97.483
817, 97.417
818, 97.467
819, 97.317
820, 97.592
821, 97.433
822, 97.383
823, 97.258
824, 97.433
825, 97.383
826, 97.633
827, 97.408
828, 97.308
829, 97.258
830, 97.558
831, 97.517
832, 97.383
833, 97.308
834, 97.658
835, 97.375
836, 97.425
837, 97.458
838, 97.592
839, 97.483
840, 97.667
841, 97.750
842, 97.317
843, 97.467
844, 97.700
845, 97.583
846, 97.467
847, 97.717
848, 97.492
849, 97.625
850, 97.733
851, 97.600
852, 97.350
853, 97.083
854, 97.492
855, 97.417
856, 97.575
857, 97.442
858, 97.342
859, 97.700
860, 97.433
861, 97.542
862, 97.458
863, 97.417
864, 97.667
865, 97.692
866, 97.767
867, 97.350
868, 97.667
869, 97.650
870, 97.500
871, 97.500
872, 97.667
873, 97.675
874, 97.667
875, 97.517
876, 97.492
877, 97.683
878, 97.708
879, 97.567
880, 97.450
881, 97.392
882, 97.358
883, 97.658
884, 97.392
885, 97.483
886, 97.392
887, 97.592
888, 97.767
889, 97.708
890, 97.692
891, 97.550
892, 97.450
893, 97.700
894, 97.500
895, 97.600
896, 97.375
897, 97.683
898, 97.508
899, 97.558
900, 97.642
901, 97.542
902, 97.625
903, 97.733
904, 97.617
905, 97.750
906, 97.550
907, 97.575
908, 97.775
909, 97.550
910, 97.675
911, 97.658
912, 97.600
913, 97.867
914, 97.892
915, 97.308
916, 97.425
917, 97.542
918, 97.650
919, 97.725
920, 97.725
921, 97.592
922, 97.475
923, 97.683
924, 97.467
925, 97.367
926, 97.800
927, 97.600
928, 97.500
929, 97.550
930, 97.617
931, 97.475
932, 97.550
933, 97.458
934, 97.533
935, 97.750
936, 97.775
937, 97.567
938, 97.575
939, 97.725
940, 97.758
941, 97.492
942, 97.525
943, 97.608
944, 97.633
945, 97.842
946, 97.492
947, 97.733
948, 97.608
949, 97.783
950, 97.425
951, 97.792
952, 97.642
953, 97.700
954, 98.017
955, 97.708
956, 97.667
957, 97.567
958, 97.558
959, 97.733
960, 97.950
961, 97.667
962, 97.608
963, 97.533
964, 97.342
965, 97.750
966, 97.750
967, 97.825
968, 97.758
969, 97.583
970, 97.817
971, 97.683
972, 97.642
973, 97.800
974, 97.758
975, 97.575
976, 97.908
977, 97.708
978, 97.775
979, 97.675
980, 97.808
981, 97.642
982, 97.775
983, 97.625
984, 97.767
985, 97.767
986, 97.708
987, 97.700
988, 97.792
989, 97.717
990, 97.675
991, 97.633
992, 97.733
993, 97.717
994, 97.717
995, 97.633
996, 97.667
997, 97.742
998, 97.817
999, 97.617
1000, 97.650
1001, 97.650
1002, 97.708
1003, 97.642
1004, 97.742
1005, 97.942
1006, 97.900
1007, 97.825
1008, 97.733
1009, 97.850
1010, 97.683
1011, 97.725
1012, 97.958
1013, 97.708
1014, 97.550
1015, 97.608
1016, 97.583
1017, 97.808
1018, 97.917
1019, 97.733
1020, 97.583
1021, 97.333
1022, 97.558
1023, 97.875
1024, 97.742
1025, 97.783
1026, 97.625
1027, 97.750
1028, 97.550
1029, 97.892
1030, 97.567
1031, 97.758
1032, 97.675
1033, 97.583
1034, 97.850
1035, 97.792
1036, 97.750
1037, 97.833
1038, 97.725
1039, 97.633
1040, 97.808
1041, 97.892
1042, 97.875
1043, 97.833
1044, 97.817
1045, 97.917
1046, 97.892
1047, 97.783
1048, 97.808
1049, 97.775
1050, 97.958
1051, 97.833
1052, 97.750
1053, 97.850
1054, 97.850
1055, 97.775
1056, 97.858
1057, 97.575
1058, 97.550
1059, 97.908
1060, 97.892
1061, 97.567
1062, 97.633
1063, 97.617
1064, 97.667
1065, 97.717
1066, 97.850
1067, 97.667
1068, 97.933
1069, 97.825
1070, 98.058
1071, 97.742
1072, 97.975
1073, 97.550
1074, 97.767
1075, 97.758
1076, 97.892
1077, 97.925
1078, 97.917
1079, 97.717
1080, 97.717
1081, 97.892
1082, 97.850
1083, 97.583
1084, 97.567
1085, 98.108
1086, 97.933
1087, 97.700
1088, 97.850
1089, 97.908
1090, 97.758
1091, 97.742
1092, 97.950
1093, 97.817
1094, 98.067
1095, 97.975
1096, 98.058
1097, 97.808
1098, 97.667
1099, 97.908
1100, 97.958
1101, 97.983
1102, 97.867
1103, 97.842
1104, 97.675
1105, 97.958
1106, 97.892
1107, 97.650
1108, 97.833
1109, 97.892
1110, 97.792
1111, 97.808
1112, 97.708
1113, 97.750
1114, 97.850
1115, 97.817
1116, 97.775
1117, 97.933
1118, 97.833
1119, 97.858
1120, 97.817
1121, 97.850
1122, 97.917
1123, 97.867
1124, 97.758
1125, 98.025
1126, 98.050
1127, 97.917
1128, 98.067
1129, 97.692
1130, 97.950
1131, 97.817
1132, 97.658
1133, 97.692
1134, 97.858
1135, 97.650
1136, 98.033
1137, 98.033
1138, 98.042
1139, 97.900
1140, 97.883
1141, 97.825
1142, 98.142
1143, 97.775
1144, 97.775
1145, 98.033
1146, 98.008
1147, 97.950
1148, 97.808
1149, 98.100
1150, 97.633
1151, 98.133
1152, 97.633
1153, 97.867
1154, 97.817
1155, 97.925
1156, 98.117
1157, 98.075
1158, 97.875
1159, 97.783
1160, 98.067
1161, 98.042
1162, 97.983
1163, 97.892
1164, 97.817
1165, 97.725
1166, 98.183
1167, 97.925
1168, 97.800
1169, 97.875
1170, 97.942
1171, 97.983
1172, 97.942
1173, 98.225
1174, 98.100
1175, 97.992
1176, 97.967
1177, 98.100
1178, 97.758
1179, 97.917
1180, 97.833
1181, 97.867
1182, 97.825
1183, 97.917
1184, 97.733
1185, 97.950
1186, 98.067
1187, 98.058
1188, 97.692
1189, 97.708
1190, 98.008
1191, 97.808
1192, 97.842
1193, 98.017
1194, 97.992
1195, 98.042
1196, 98.200
1197, 97.758
1198, 97.900
1199, 98.008
1200, 97.825
1201, 97.917
1202, 98.058
1203, 97.875
1204, 97.683
1205, 97.867
1206, 97.925
1207, 97.942
1208, 97.867
1209, 97.992
1210, 98.075
1211, 97.867
1212, 97.892
1213, 98.033
1214, 97.992
1215, 97.967
1216, 98.225
1217, 98.050
1218, 98.092
1219, 98.150
1220, 97.700
1221, 98.233
1222, 98.025
1223, 98.008
1224, 97.908
1225, 97.983
1226, 97.983
1227, 98.158
1228, 97.925
1229, 97.900
1230, 98.117
1231, 97.958
1232, 98.092
1233, 97.875
1234, 98.258
1235, 97.967
1236, 97.808
1237, 98.142
1238, 97.883
1239, 97.883
1240, 97.967
1241, 97.867
1242, 97.992
1243, 98.092
1244, 97.992
1245, 98.200
1246, 98.025
1247, 97.958
1248, 97.808
1249, 98.008
1250, 98.150
1251, 98.083
1252, 98.117
1253, 98.025
1254, 97.875
1255, 97.925
1256, 98.133
1257, 98.150
1258, 98.042
1259, 98.008
1260, 98.158
1261, 98.233
1262, 98.117
1263, 97.867
1264, 98.075
1265, 98.033
1266, 97.800
1267, 97.892
1268, 98.025
1269, 97.875
1270, 97.958
1271, 97.908
1272, 97.975
1273, 98.100
1274, 97.833
1275, 97.908
1276, 97.858
1277, 97.983
1278, 98.192
1279, 98.025
1280, 97.575
1281, 97.967
1282, 97.967
1283, 98.192
1284, 98.000
1285, 97.842
1286, 97.917
1287, 98.158
1288, 97.850
1289, 97.842
1290, 98.175
1291, 97.875
1292, 97.767
1293, 97.850
1294, 98.108
1295, 98.117
1296, 98.217
1297, 98.008
1298, 98.067
1299, 98.217
1300, 98.250
1301, 98.008
1302, 98.133
1303, 97.933
1304, 97.950
1305, 98.050
1306, 97.833
1307, 97.817
1308, 98.050
1309, 98.092
1310, 97.917
1311, 97.775
1312, 97.725
1313, 98.208
1314, 98.300
1315, 98.033
1316, 98.033
1317, 98.042
1318, 98.125
1319, 98.000
1320, 97.950
1321, 98.017
1322, 98.058
1323, 97.992
1324, 98.233
1325, 98.150
1326, 97.833
1327, 98.175
1328, 98.083
1329, 97.825
1330, 97.950
1331, 97.875
1332, 97.833
1333, 98.133
1334, 98.050
1335, 98.025
1336, 98.017
1337, 97.892
1338, 98.225
1339, 98.150
1340, 97.958
1341, 98.217
1342, 98.083
1343, 98.158
1344, 98.342
1345, 98.075
1346, 98.158
1347, 97.767
1348, 98.067
1349, 98.017
1350, 98.108
1351, 98.117
1352, 98.275
1353, 98.175
1354, 98.233
1355, 98.117
1356, 97.975
1357, 98.108
1358, 98.217
1359, 97.933
1360, 97.783
1361, 97.875
1362, 98.292
1363, 97.933
1364, 98.017
1365, 98.175
1366, 98.108
1367, 98.142
1368, 98.300
1369, 98.308
1370, 98.117
1371, 98.383
1372, 98.308
1373, 98.042
1374, 98.058
1375, 98.325
1376, 98.225
1377, 98.242
1378, 98.283
1379, 98.050
1380, 98.183
1381, 98.358
1382, 98.225
1383, 98.083
1384, 98.167
1385, 97.883
1386, 98.125
1387, 97.817
1388, 98.192
1389, 98.225
1390, 98.100
1391, 98.033
1392, 98.033
1393, 98.075
1394, 98.075
1395, 98.217
1396, 98.375
1397, 98.325
1398, 98.133
1399, 98.267
1400, 98.025
1401, 98.108
1402, 97.958
1403, 98.250
1404, 97.875
1405, 98.125
1406, 98.067
1407, 98.142
1408, 98.000
1409, 98.017
1410, 98.325
1411, 98.358
1412, 97.733
1413, 98.167
1414, 98.342
1415, 98.300
1416, 98.183
1417, 97.950
1418, 98.333
1419, 98.275
1420, 98.133
1421, 98.083
1422, 98.242
1423, 98.383
1424, 98.242
1425, 98.208
1426, 98.150
1427, 98.383
1428, 98.275
1429, 98.350
1430, 98.500
1431, 98.392
1432, 98.367
1433, 98.300
1434, 98.317
1435, 98.092
1436, 98.275
1437, 97.908
1438, 98.167
1439, 98.350
1440, 98.408
1441, 98.233
1442, 98.000
1443, 98.000
1444, 98.242
1445, 98.083
1446, 97.942
1447, 97.975
1448, 98.042
1449, 98.242
1450, 98.217
1451, 98.158
1452, 97.975
1453, 98.483
1454, 98.367
1455, 98.275
1456, 98.100
1457, 98.058
1458, 98.092
1459, 98.242
1460, 97.992
1461, 98.192
1462, 98.225
1463, 98.342
1464, 97.875
1465, 98.175
1466, 98.042
1467, 97.817
1468, 98.017
1469, 98.150
1470, 98.075
1471, 97.867
1472, 97.975
1473, 98.233
1474, 98.042
1475, 98.383
1476, 98.283
1477, 98.067
1478, 98.075
1479, 97.983
1480, 98.208
1481, 98.267
1482, 98.192
1483, 97.875
1484, 98.017
1485, 97.883
1486, 98.067
1487, 98.225
1488, 98.258
1489, 98.100
1490, 98.133
1491, 98.208
1492, 98.258
1493, 97.883
1494, 97.825
1495, 98.175
1496, 98.142
1497, 98.250
1498, 98.417
1499, 98.083
1500, 98.092